0.560949, 0.826716, 0.0431053, 0, 0.826987, -0.561973, 0.0161065, 0, 0.0375402, 0.0266132, -0.998941, 0, 0.582869, -0.180618, 0.465126, 1, 
0.557629, 0.828978, 0.0427293, 0, 0.829366, -0.558544, 0.0127012, 0, 0.0343958, 0.0283562, -0.999006, 0, 0.58316, -0.177843, 0.4635, 1, 
0.555507, 0.830432, 0.0421338, 0, 0.830932, -0.556287, 0.00879518, 0, 0.0307429, 0.0301251, -0.999073, 0, 0.583474, -0.174413, 0.461674, 1, 
0.555603, 0.830599, 0.0372877, 0, 0.831341, -0.555659, -0.00980133, 0, 0.0125785, 0.0364452, -0.999256, 0, 0.584277, -0.158191, 0.453272, 1, 
0.584932, 0.810918, 0.015699, 0, 0.810484, -0.583664, -0.0493331, 0, -0.0308427, 0.0415811, -0.998659, 0, 0.582465, -0.120216, 0.434718, 1, 
0.618036, 0.786103, -0.00735586, 0, 0.784047, -0.617047, -0.0671052, 0, -0.0572916, 0.0357068, -0.997719, 0, 0.578982, -0.0911555, 0.425021, 1, 
0.627659, 0.778272, -0.0178508, 0, 0.775615, -0.627152, -0.0712955, 0, -0.0666837, 0.0309045, -0.997295, 0, 0.577015, -0.0794685, 0.421909, 1, 
0.649673, 0.758467, -0.051316, 0, 0.754843, -0.651623, -0.074703, 0, -0.0901002, 0.0097972, -0.995885, 0, 0.569525, -0.0478751, 0.414728, 1, 
0.667173, 0.734431, -0.124387, 0, 0.734213, -0.676548, -0.056527, 0, -0.125671, -0.0536139, -0.990622, 0, 0.548961, -0.00141857, 0.402831, 1, 
0.666246, 0.73221, -0.1413, 0, 0.734204, -0.677245, -0.047597, 0, -0.130548, -0.0720333, -0.988822, 0, 0.543717, 0.00818609, 0.400051, 1, 
0.673083, 0.719239, -0.172149, 0, 0.729412, -0.684034, -0.00597471, 0, -0.122056, -0.121549, -0.985052, 0, 0.533153, 0.0313681, 0.393874, 1, 
0.695951, 0.694872, -0.181068, 0, 0.71124, -0.701762, 0.0406092, 0, -0.0988503, -0.157048, -0.982631, 0, 0.524555, 0.0525521, 0.386244, 1, 
0.720308, 0.670573, -0.177394, 0, 0.688613, -0.722041, 0.0667006, 0, -0.0833595, -0.170204, -0.981877, 0, 0.513758, 0.0713669, 0.374436, 1, 
0.737081, 0.655362, -0.164904, 0, 0.671992, -0.736618, 0.0761746, 0, -0.0715508, -0.166964, -0.983363, 0, 0.502263, 0.0851406, 0.360655, 1, 
0.771176, 0.620109, -0.143989, 0, 0.633964, -0.768659, 0.0850479, 0, -0.0579403, -0.156874, -0.985918, 0, 0.482385, 0.096649, 0.337175, 1, 
0.778379, 0.611588, -0.141659, 0, 0.625373, -0.775136, 0.0897438, 0, -0.0549197, -0.158447, -0.985839, 0, 0.477416, 0.0977045, 0.331646, 1, 
0.79724, 0.58804, -0.136376, 0, 0.601896, -0.791568, 0.105456, 0, -0.0459391, -0.166161, -0.985028, 0, 0.463951, 0.0987792, 0.316209, 1, 
0.819595, 0.560304, -0.119596, 0, 0.571779, -0.813136, 0.108897, 0, -0.0362326, -0.157637, -0.986832, 0, 0.45043, 0.10007, 0.299216, 1, 
0.845915, 0.528044, -0.0746841, 0, 0.533261, -0.839204, 0.106539, 0, -0.00641783, -0.129952, -0.9915, 0, 0.432906, 0.102341, 0.272508, 1, 
0.848081, 0.525637, -0.0666679, 0, 0.529846, -0.841045, 0.109029, 0, 0.00123885, -0.127791, -0.9918, 0, 0.429674, 0.101925, 0.267054, 1, 
0.855584, 0.514934, -0.0529104, 0, 0.517528, -0.848741, 0.108557, 0, 0.0109925, -0.120264, -0.992681, 0, 0.420708, 0.101173, 0.252098, 1, 
0.869218, 0.493893, -0.0225871, 0, 0.493601, -0.86428, 0.0967458, 0, 0.0282611, -0.095244, -0.995053, 0, 0.4131, 0.100727, 0.230897, 1, 
0.87042, 0.491899, -0.0196421, 0, 0.491375, -0.865675, 0.0955949, 0, 0.0300199, -0.0928611, -0.995226, 0, 0.411815, 0.0998999, 0.226566, 1, 
0.873938, 0.48584, -0.0131595, 0, 0.48519, -0.870547, 0.0819686, 0, 0.0283682, -0.0780217, -0.996548, 0, 0.408655, 0.0994936, 0.215635, 1, 
0.87874, 0.477223, 0.00734396, 0, 0.476665, -0.878285, 0.0372251, 0, 0.0242152, -0.0292111, -0.99928, 0, 0.407488, 0.104648, 0.199282, 1, 
0.879326, 0.475037, 0.0332569, 0, 0.474709, -0.879955, 0.0176663, 0, 0.0376574, 0.000252921, -0.999291, 0, 0.410415, 0.106868, 0.188772, 1, 
0.879647, 0.473712, 0.0424119, 0, 0.473824, -0.880572, 0.00800153, 0, 0.041138, 0.0130575, -0.999068, 0, 0.410836, 0.108427, 0.183989, 1, 
0.880619, 0.46896, 0.0675851, 0, 0.471056, -0.8819, -0.0184169, 0, 0.0509675, 0.0480555, -0.997543, 0, 0.410649, 0.112362, 0.17048, 1, 
0.878512, 0.468017, 0.0956947, 0, 0.472811, -0.880483, -0.0343676, 0, 0.0681742, 0.0754393, -0.994817, 0, 0.410426, 0.113773, 0.158448, 1, 
0.864381, 0.487794, 0.121994, 0, 0.495374, -0.867733, -0.0403081, 0, 0.0861974, 0.0952759, -0.991712, 0, 0.409976, 0.110768, 0.145402, 1, 
0.859951, 0.495832, 0.120894, 0, 0.503361, -0.863111, -0.0406003, 0, 0.084216, 0.0957697, -0.991835, 0, 0.409905, 0.109426, 0.143447, 1, 
0.851743, 0.513041, 0.106318, 0, 0.519093, -0.853847, -0.0383267, 0, 0.0711175, 0.0878351, -0.993593, 0, 0.409684, 0.105069, 0.139753, 1, 
0.845499, 0.526255, 0.0903753, 0, 0.529997, -0.847698, -0.0221986, 0, 0.0649301, 0.0666688, -0.99566, 0, 0.410477, 0.100358, 0.137928, 1, 
0.847028, 0.526875, 0.0701923, 0, 0.52773, -0.84937, 0.00724835, 0, 0.0634394, 0.0309036, -0.997507, 0, 0.411888, 0.0996992, 0.137222, 1, 
0.849519, 0.523551, 0.0647528, 0, 0.523977, -0.851643, 0.0115803, 0, 0.0612103, 0.0240917, -0.997834, 0, 0.411129, 0.100525, 0.136576, 1, 
0.85412, 0.517731, 0.0491347, 0, 0.517478, -0.85548, 0.0187252, 0, 0.0517293, 0.00943275, -0.998617, 0, 0.407551, 0.102515, 0.133854, 1, 
0.853349, 0.519555, 0.0428719, 0, 0.518964, -0.854425, 0.024793, 0, 0.0495131, 0.0010919, -0.998773, 0, 0.40608, 0.103647, 0.13225, 1, 
0.855652, 0.51569, 0.0436335, 0, 0.515322, -0.856748, 0.0201784, 0, 0.0477896, 0.00521968, -0.998844, 0, 0.406199, 0.105229, 0.131792, 1, 
0.856634, 0.514038, 0.0438642, 0, 0.514107, -0.85765, 0.0105636, 0, 0.0430511, 0.013502, -0.998982, 0, 0.405417, 0.106893, 0.130703, 1, 
0.858047, 0.511747, 0.0430283, 0, 0.512324, -0.858777, -0.00282862, 0, 0.0355048, 0.024472, -0.99907, 0, 0.403958, 0.108397, 0.128857, 1, 
0.858666, 0.51088, 0.0409317, 0, 0.511843, -0.858891, -0.0173928, 0, 0.0262708, 0.0358859, -0.999011, 0, 0.401993, 0.109528, 0.126454, 1, 
0.852215, 0.522158, 0.0325854, 0, 0.522934, -0.852054, -0.0228928, 0, 0.0158112, 0.0365503, -0.999207, 0, 0.399296, 0.107376, 0.122325, 1, 
0.852383, 0.521979, 0.0310128, 0, 0.52266, -0.852288, -0.0203275, 0, 0.0158216, 0.0335366, -0.999312, 0, 0.399497, 0.106207, 0.121806, 1, 
0.854658, 0.518397, 0.0283792, 0, 0.518835, -0.854797, -0.0106399, 0, 0.0187431, 0.023818, -0.999541, 0, 0.400969, 0.103442, 0.121053, 1, 
0.856082, 0.516091, 0.0274599, 0, 0.51636, -0.856354, -0.00325773, 0, 0.0218346, 0.0169684, -0.999618, 0, 0.402298, 0.10256, 0.120443, 1, 
0.858824, 0.511482, 0.0280765, 0, 0.511821, -0.85906, -0.00605955, 0, 0.0210204, 0.0195746, -0.999587, 0, 0.403002, 0.104084, 0.118959, 1, 
0.859909, 0.509628, 0.0285879, 0, 0.510028, -0.860104, -0.00854741, 0, 0.020233, 0.0219311, -0.999555, 0, 0.403209, 0.104421, 0.118676, 1, 
0.861613, 0.506583, 0.0312739, 0, 0.507167, -0.861715, -0.0144455, 0, 0.0196317, 0.0283081, -0.999406, 0, 0.404496, 0.10519, 0.118554, 1, 
0.86188, 0.505952, 0.0340115, 0, 0.506688, -0.861934, -0.0178488, 0, 0.0202854, 0.0326174, -0.999262, 0, 0.405856, 0.105798, 0.11884, 1, 
0.86439, 0.501533, 0.0357225, 0, 0.50232, -0.864491, -0.0176165, 0, 0.0220469, 0.0331723, -0.999206, 0, 0.407036, 0.105458, 0.119364, 1, 
0.864495, 0.501351, 0.0357191, 0, 0.502138, -0.864597, -0.0176355, 0, 0.0220415, 0.0331824, -0.999206, 0, 0.407052, 0.105384, 0.119358, 1, 
0.864399, 0.501513, 0.0357815, 0, 0.502302, -0.864501, -0.017643, 0, 0.0220854, 0.0332243, -0.999204, 0, 0.407052, 0.10546, 0.119372, 1, 
0.864401, 0.501506, 0.0358275, 0, 0.502297, -0.864505, -0.0176255, 0, 0.0221341, 0.0332322, -0.999203, 0, 0.407072, 0.105461, 0.119384, 1, 
0.864412, 0.501485, 0.0358502, 0, 0.502276, -0.864516, -0.0176263, 0, 0.0221542, 0.0332437, -0.999202, 0, 0.407083, 0.105455, 0.119388, 1, 
0.864383, 0.501507, 0.0362503, 0, 0.502308, -0.864501, -0.017474, 0, 0.0225755, 0.0333137, -0.99919, 0, 0.407279, 0.105503, 0.119514, 1, 
0.863732, 0.501939, 0.0447859, 0, 0.502962, -0.864171, -0.014812, 0, 0.0312685, 0.0353199, -0.998887, 0, 0.411235, 0.10661, 0.122059, 1, 
0.861262, 0.502771, 0.0736861, 0, 0.50443, -0.863429, -0.00460697, 0, 0.0613076, 0.0411381, -0.997271, 0, 0.426708, 0.11061, 0.132617, 1, 
0.860708, 0.502414, 0.0821199, 0, 0.504224, -0.86356, -0.00152143, 0, 0.0701525, 0.0427172, -0.996621, 0, 0.431417, 0.111564, 0.13593, 1, 
0.859834, 0.500099, 0.102798, 0, 0.502029, -0.864802, 0.0080224, 0, 0.0929136, 0.0447105, -0.99467, 0, 0.44513, 0.113196, 0.145964, 1, 
0.862375, 0.49722, 0.095198, 0, 0.498074, -0.866971, 0.0162597, 0, 0.0906203, 0.0333944, -0.995325, 0, 0.457628, 0.112214, 0.156846, 1, 
0.871527, 0.488414, 0.0432702, 0, 0.487633, -0.872595, 0.0277956, 0, 0.0513341, -0.00312469, -0.998677, 0, 0.478888, 0.107545, 0.181835, 1, 
0.873905, 0.484581, 0.0381091, 0, 0.483692, -0.874697, 0.0304758, 0, 0.0481028, -0.00820008, -0.998809, 0, 0.485134, 0.106931, 0.189428, 1, 
0.878959, 0.475479, 0.0364956, 0, 0.474227, -0.879567, 0.0380935, 0, 0.050214, -0.0161758, -0.998607, 0, 0.50232, 0.105351, 0.210228, 1, 
0.887481, 0.458854, 0.042562, 0, 0.457651, -0.888423, 0.0352409, 0, 0.0539845, -0.0117974, -0.998472, 0, 0.525398, 0.103262, 0.239198, 1, 
0.889764, 0.454575, 0.0407739, 0, 0.453664, -0.890661, 0.0298913, 0, 0.0499046, -0.00809872, -0.998721, 0, 0.529362, 0.102404, 0.244351, 1, 
0.895812, 0.442664, 0.0393857, 0, 0.442788, -0.896596, 0.00598375, 0, 0.0379626, 0.0120795, -0.999206, 0, 0.539695, 0.100257, 0.255676, 1, 
0.901662, 0.429565, 0.049611, 0, 0.431301, -0.901638, -0.0317601, 0, 0.0310888, 0.0500351, -0.998263, 0, 0.550867, 0.0986097, 0.262545, 1, 
0.903505, 0.422601, 0.0711928, 0, 0.427724, -0.899566, -0.0883999, 0, 0.0266853, 0.110323, -0.993538, 0, 0.568566, 0.0932076, 0.260351, 1, 
0.899319, 0.431021, 0.0736642, 0, 0.436423, -0.895232, -0.089867, 0, 0.0272125, 0.11297, -0.993226, 0, 0.572629, 0.0913343, 0.257338, 1, 
0.890744, 0.448448, 0.073825, 0, 0.452494, -0.89025, -0.0518202, 0, 0.0424849, 0.0795654, -0.995924, 0, 0.592526, 0.0839152, 0.239491, 1, 
0.896522, 0.436682, 0.0744184, 0, 0.440609, -0.896405, -0.0479931, 0, 0.0457521, 0.0758177, -0.996071, 0, 0.597543, 0.0839477, 0.235288, 1, 
0.903902, 0.420446, 0.0785306, 0, 0.424675, -0.904074, -0.0477623, 0, 0.050917, 0.0765239, -0.995767, 0, 0.610637, 0.0876103, 0.224811, 1, 
0.89859, 0.432801, 0.0721154, 0, 0.436805, -0.897934, -0.0538265, 0, 0.0414595, 0.0798698, -0.995943, 0, 0.621411, 0.0930682, 0.213721, 1, 
0.892092, 0.44796, 0.0590273, 0, 0.450859, -0.891112, -0.051253, 0, 0.0296412, 0.0723368, -0.99694, 0, 0.63201, 0.0978929, 0.202387, 1, 
0.887895, 0.458973, 0.0310947, 0, 0.459742, -0.88769, -0.0250074, 0, 0.016125, 0.0365002, -0.999204, 0, 0.646678, 0.10576, 0.183322, 1, 
0.886217, 0.462619, 0.0241687, 0, 0.463059, -0.886143, -0.0175183, 0, 0.0133129, 0.026717, -0.999554, 0, 0.649176, 0.107456, 0.178835, 1, 
0.882956, 0.469328, 0.0100796, 0, 0.469347, -0.883003, 0.000458662, 0, 0.00911571, 0.00432592, -0.999949, 0, 0.655261, 0.112446, 0.166694, 1, 
0.878367, 0.477691, -0.0162374, 0, 0.477934, -0.878195, 0.0182488, 0, -0.0055424, -0.02379, -0.999702, 0, 0.659221, 0.116625, 0.144025, 1, 
0.876622, 0.480582, -0.0235816, 0, 0.481074, -0.876337, 0.0241241, 0, -0.00907203, -0.0324929, -0.999431, 0, 0.659524, 0.116955, 0.138467, 1, 
0.870995, 0.48953, -0.0413462, 0, 0.491049, -0.870049, 0.0432051, 0, -0.0148233, -0.0579356, -0.99821, 0, 0.660753, 0.116403, 0.123995, 1, 
0.867472, 0.495453, -0.0447106, 0, 0.497193, -0.866465, 0.0449281, 0, -0.0164807, -0.0612048, -0.997989, 0, 0.66388, 0.120713, 0.102248, 1, 
0.867763, 0.495447, -0.0387229, 0, 0.496793, -0.866844, 0.041928, 0, -0.0127939, -0.0556219, -0.99837, 0, 0.665388, 0.122048, 0.097551, 1, 
0.868172, 0.496004, -0.0154296, 0, 0.496241, -0.867631, 0.0306944, 0, 0.00183734, -0.0343055, -0.99941, 0, 0.669367, 0.126556, 0.0848794, 1, 
0.865377, 0.501078, 0.00500345, 0, 0.500823, -0.865184, 0.0247569, 0, 0.0167343, -0.0189185, -0.999681, 0, 0.671252, 0.128315, 0.0679473, 1, 
0.865371, 0.501069, 0.00658166, 0, 0.500816, -0.865237, 0.023008, 0, 0.0172236, -0.0166146, -0.999714, 0, 0.671144, 0.128369, 0.0652855, 1, 
0.865736, 0.500447, 0.00582974, 0, 0.500278, -0.865658, 0.0184369, 0, 0.0142735, -0.0130452, -0.999813, 0, 0.670141, 0.128258, 0.0600832, 1, 
0.861545, 0.507662, 0.000440459, 0, 0.507469, -0.861241, 0.0268493, 0, 0.01401, -0.0229088, -0.999639, 0, 0.66938, 0.125618, 0.0555348, 1, 
0.859835, 0.510554, 1.93265e-05, 0, 0.510317, -0.859438, 0.0303964, 0, 0.0155359, -0.0261265, -0.999538, 0, 0.669493, 0.125091, 0.0550437, 1, 
0.858677, 0.512499, -0.000477853, 0, 0.512264, -0.858254, 0.0310751, 0, 0.0155161, -0.0269288, -0.999517, 0, 0.669213, 0.124988, 0.053397, 1, 
0.858526, 0.512743, 0.00283035, 0, 0.512477, -0.858235, 0.0279316, 0, 0.0167512, -0.0225299, -0.999606, 0, 0.669215, 0.126109, 0.0518354, 1, 
0.858439, 0.512769, 0.0114298, 0, 0.512472, -0.858423, 0.0215239, 0, 0.0208488, -0.0126197, -0.999703, 0, 0.669586, 0.128189, 0.0486442, 1, 
0.858514, 0.512598, 0.0133302, 0, 0.512313, -0.858555, 0.0199619, 0, 0.0216776, -0.0103086, -0.999712, 0, 0.669648, 0.12856, 0.0477364, 1, 
0.858761, 0.512109, 0.0159345, 0, 0.511859, -0.858882, 0.0173677, 0, 0.0225804, -0.00675862, -0.999722, 0, 0.669641, 0.128942, 0.0459303, 1, 
0.858845, 0.511945, 0.0166776, 0, 0.511695, -0.858984, 0.0171733, 0, 0.023118, -0.0062155, -0.999713, 0, 0.669806, 0.12899, 0.0459024, 1, 
0.858892, 0.511864, 0.0167525, 0, 0.511614, -0.859033, 0.0171676, 0, 0.0231789, -0.00617438, -0.999712, 0, 0.669852, 0.128975, 0.0459338, 1, 
0.858897, 0.511855, 0.0167658, 0, 0.511604, -0.859039, 0.017162, 0, 0.0231874, -0.00616304, -0.999712, 0, 0.669858, 0.128972, 0.0459374, 1, 
0.858944, 0.511774, 0.0168409, 0, 0.511521, -0.859087, 0.0172047, 0, 0.0232732, -0.00616346, -0.99971, 0, 0.6699, 0.128915, 0.0459847, 1, 
0.858953, 0.511756, 0.0169104, 0, 0.511503, -0.859098, 0.0172325, 0, 0.023347, -0.00615232, -0.999708, 0, 0.669928, 0.128912, 0.0460247, 1, 
0.858992, 0.511692, 0.0168738, 0, 0.51144, -0.859136, 0.0172013, 0, 0.0232991, -0.00614594, -0.99971, 0, 0.669921, 0.128872, 0.0460048, 1, 
0.858994, 0.51169, 0.0168257, 0, 0.511439, -0.859137, 0.0171647, 0, 0.023239, -0.00613916, -0.999711, 0, 0.669901, 0.12887, 0.0459769, 1, 
0.858962, 0.511745, 0.016777, 0, 0.511495, -0.859104, 0.0171421, 0, 0.023186, -0.00614319, -0.999712, 0, 0.669876, 0.128896, 0.045956, 1, 
