0.780186, 0.619489, 0.0867461, 0, 0.62429, -0.762374, -0.170379, 0, -0.0394158, 0.187086, -0.981553, 0, 0.642337, -0.189706, 0.397099, 1, 
0.773777, 0.628364, 0.0800536, 0, 0.63185, -0.756687, -0.167844, 0, -0.0448926, 0.180459, -0.982557, 0, 0.642675, -0.185985, 0.396722, 1, 
0.73167, 0.681593, 0.00843758, 0, 0.676132, -0.724125, -0.135901, 0, -0.0865212, 0.105142, -0.990686, 0, 0.641483, -0.170148, 0.388987, 1, 
0.719021, 0.694821, -0.0146124, 0, 0.687775, -0.714434, -0.12857, 0, -0.0997743, 0.0823957, -0.991593, 0, 0.640805, -0.164552, 0.385712, 1, 
0.690745, 0.72063, -0.0595395, 0, 0.711325, -0.691993, -0.123059, 0, -0.129883, 0.0426511, -0.990612, 0, 0.638224, -0.146496, 0.377111, 1, 
0.68054, 0.728035, -0.0825258, 0, 0.716787, -0.68487, -0.13096, 0, -0.151866, 0.029971, -0.987947, 0, 0.633302, -0.129273, 0.370871, 1, 
0.681798, 0.724763, -0.0992502, 0, 0.714448, -0.688869, -0.122495, 0, -0.157153, 0.0126079, -0.987494, 0, 0.626213, -0.108226, 0.362122, 1, 
0.673228, 0.734615, -0.0841728, 0, 0.729044, -0.67847, -0.0903043, 0, -0.12345, -0.000570263, -0.992351, 0, 0.627151, -0.0967931, 0.354332, 1, 
0.669379, 0.73878, -0.0782075, 0, 0.734676, -0.673912, -0.0779379, 0, -0.110286, -0.00528721, -0.993886, 0, 0.627011, -0.0928662, 0.35002, 1, 
0.659638, 0.74862, -0.0665301, 0, 0.747104, -0.66278, -0.0503834, 0, -0.0818144, -0.0164704, -0.996511, 0, 0.624037, -0.0833847, 0.336806, 1, 
0.65277, 0.755011, -0.0618963, 0, 0.754726, -0.655208, -0.0327415, 0, -0.0652764, -0.0253426, -0.997545, 0, 0.617552, -0.074066, 0.322498, 1, 
0.645731, 0.76139, -0.0574224, 0, 0.761797, -0.647519, -0.0191331, 0, -0.0517508, -0.03139, -0.998167, 0, 0.610529, -0.064269, 0.30836, 1, 
0.633718, 0.771941, -0.0498873, 0, 0.772606, -0.634814, -0.00850208, 0, -0.038233, -0.0331559, -0.998719, 0, 0.604879, -0.0550473, 0.293704, 1, 
0.619452, 0.784585, -0.0262085, 0, 0.784923, -0.619559, 0.00479194, 0, -0.0124783, -0.0235405, -0.999645, 0, 0.600807, -0.0438131, 0.266273, 1, 
0.617446, 0.786371, -0.0190155, 0, 0.786581, -0.617423, 0.00775736, 0, -0.00564055, -0.0197474, -0.999789, 0, 0.600499, -0.0420661, 0.259481, 1, 
0.614333, 0.789031, -0.0025577, 0, 0.789011, -0.614285, 0.00981186, 0, 0.00617082, -0.00804595, -0.999949, 0, 0.59891, -0.0389129, 0.240539, 1, 
0.612372, 0.790412, 0.015147, 0, 0.790539, -0.612376, -0.00492908, 0, 0.00537977, 0.014993, -0.999873, 0, 0.596488, -0.036056, 0.210903, 1, 
0.612789, 0.789982, 0.0199822, 0, 0.790216, -0.612751, -0.00864739, 0, 0.00541296, 0.0210897, -0.999763, 0, 0.596836, -0.0356439, 0.204629, 1, 
0.612283, 0.789767, 0.0368624, 0, 0.790535, -0.612255, -0.0133652, 0, 0.012014, 0.037325, -0.999231, 0, 0.599734, -0.0345429, 0.188176, 1, 
0.607691, 0.79275, 0.0473242, 0, 0.793942, -0.607844, -0.0127455, 0, 0.0186621, 0.0453189, -0.998798, 0, 0.602547, -0.0355516, 0.169928, 1, 
0.597151, 0.800974, 0.0428022, 0, 0.801937, -0.597298, -0.0106768, 0, 0.0170141, 0.040701, -0.999026, 0, 0.602838, -0.0401234, 0.15078, 1, 
0.595955, 0.802058, 0.0390017, 0, 0.802966, -0.595707, -0.0189553, 0, 0.00803052, 0.0426143, -0.999059, 0, 0.60042, -0.0447308, 0.133355, 1, 
0.599103, 0.79902, 0.0512085, 0, 0.800475, -0.599114, -0.0168421, 0, 0.0172229, 0.0510822, -0.998546, 0, 0.601268, -0.0466518, 0.122112, 1, 
0.599588, 0.798081, 0.0595143, 0, 0.800097, -0.599442, -0.0222553, 0, 0.0179142, 0.0609623, -0.997979, 0, 0.598912, -0.0449582, 0.110353, 1, 
0.598998, 0.798689, 0.0572499, 0, 0.800638, -0.598522, -0.027045, 0, 0.012665, 0.0620376, -0.997993, 0, 0.596868, -0.0443092, 0.107929, 1, 
0.597639, 0.800005, 0.052927, 0, 0.801742, -0.596679, -0.03412, 0, 0.00428436, 0.0628265, -0.998015, 0, 0.593109, -0.0432754, 0.104495, 1, 
0.597733, 0.799931, 0.0529748, 0, 0.801671, -0.596782, -0.0339861, 0, 0.00442794, 0.0627842, -0.998017, 0, 0.593154, -0.0433459, 0.104562, 1, 
0.59777, 0.7999, 0.0530302, 0, 0.801643, -0.596831, -0.033805, 0, 0.00460953, 0.0627201, -0.998021, 0, 0.593215, -0.043391, 0.104657, 1, 
0.597729, 0.799931, 0.0530244, 0, 0.801673, -0.596785, -0.0338906, 0, 0.00453406, 0.0627668, -0.998018, 0, 0.593196, -0.0433433, 0.104618, 1, 
0.597766, 0.799904, 0.0530002, 0, 0.801646, -0.596818, -0.0339486, 0, 0.00447593, 0.062782, -0.998017, 0, 0.59318, -0.0433621, 0.104592, 1, 
0.597845, 0.799848, 0.0529637, 0, 0.801587, -0.596897, -0.0339549, 0, 0.00445518, 0.062756, -0.998019, 0, 0.59317, -0.0434286, 0.104579, 1, 
0.597843, 0.799847, 0.053002, 0, 0.801588, -0.596902, -0.0338369, 0, 0.00457275, 0.0627162, -0.998021, 0, 0.593207, -0.0434463, 0.104631, 1, 
0.593899, 0.802606, 0.0555791, 0, 0.804467, -0.593284, -0.0287732, 0, 0.00988086, 0.0618011, -0.99804, 0, 0.595348, -0.0435733, 0.106994, 1, 
0.589656, 0.805498, 0.0588105, 0, 0.80746, -0.589504, -0.0217543, 0, 0.0171463, 0.0603159, -0.998032, 0, 0.598029, -0.0435224, 0.110569, 1, 
0.582928, 0.809665, 0.067954, 0, 0.811634, -0.584145, -0.00239478, 0, 0.0377567, 0.0565508, -0.997686, 0, 0.604961, -0.0413052, 0.121535, 1, 
0.570654, 0.817165, 0.0810923, 0, 0.818517, -0.573968, 0.0238933, 0, 0.0660705, 0.0527416, -0.99642, 0, 0.613412, -0.0338346, 0.138452, 1, 
0.548476, 0.83101, 0.0926154, 0, 0.830826, -0.554112, 0.0516645, 0, 0.0942548, 0.0486115, -0.994361, 0, 0.622402, -0.00900343, 0.170324, 1, 
0.549704, 0.830867, 0.0864034, 0, 0.830828, -0.554543, 0.0467757, 0, 0.0867804, 0.0460745, -0.995161, 0, 0.621909, -0.00225638, 0.176907, 1, 
0.565616, 0.822395, 0.0610383, 0, 0.822766, -0.567781, 0.0257389, 0, 0.055825, 0.0356626, -0.997803, 0, 0.61961, 0.0158216, 0.194925, 1, 
0.577648, 0.814914, 0.0471039, 0, 0.815155, -0.578915, 0.0189704, 0, 0.0427292, 0.0274393, -0.99871, 0, 0.623938, 0.0484454, 0.227995, 1, 
0.579632, 0.813464, 0.0477884, 0, 0.813713, -0.580935, 0.0191491, 0, 0.0433399, 0.0277871, -0.998674, 0, 0.625153, 0.0564971, 0.234647, 1, 
0.59318, 0.803275, 0.0535474, 0, 0.80368, -0.594743, 0.0189617, 0, 0.0470793, 0.0317879, -0.998385, 0, 0.628282, 0.0769377, 0.248901, 1, 
0.615157, 0.78617, 0.0591563, 0, 0.786894, -0.616881, 0.0153876, 0, 0.0485906, 0.0370847, -0.99813, 0, 0.62927, 0.0958741, 0.256548, 1, 
0.647505, 0.759155, 0.0663444, 0, 0.760477, -0.649304, 0.00769094, 0, 0.0489173, 0.0454744, -0.997767, 0, 0.627618, 0.124169, 0.25783, 1, 
0.655855, 0.751926, 0.0666541, 0, 0.753425, -0.657508, 0.00389846, 0, 0.0467578, 0.047663, -0.997768, 0, 0.626704, 0.130696, 0.256655, 1, 
0.679899, 0.730344, 0.0656935, 0, 0.732355, -0.680829, -0.0104633, 0, 0.0370849, 0.055226, -0.997785, 0, 0.623897, 0.14804, 0.251309, 1, 
0.711825, 0.698896, 0.0694991, 0, 0.701978, -0.711152, -0.0383324, 0, 0.0226345, 0.0760743, -0.996845, 0, 0.624556, 0.173881, 0.241594, 1, 
0.718754, 0.691557, 0.071577, 0, 0.694962, -0.717606, -0.045284, 0, 0.020048, 0.082293, -0.996407, 0, 0.626146, 0.179114, 0.239179, 1, 
0.722835, 0.68689, 0.0753174, 0, 0.690827, -0.720829, -0.0560768, 0, 0.0157726, 0.0925673, -0.995581, 0, 0.632604, 0.18985, 0.231111, 1, 
0.707408, 0.70338, 0.0693617, 0, 0.706575, -0.706208, -0.0447602, 0, 0.0175007, 0.0806745, -0.996587, 0, 0.641017, 0.194301, 0.218958, 1, 
0.700898, 0.711155, 0.054605, 0, 0.713096, -0.700275, -0.0330183, 0, 0.0147576, 0.0620822, -0.997962, 0, 0.647587, 0.195539, 0.201883, 1, 
0.698717, 0.714911, 0.0260144, 0, 0.715384, -0.698309, -0.0239218, 0, 0.00106411, 0.0353256, -0.999375, 0, 0.650556, 0.198593, 0.169919, 1, 
0.68833, 0.725286, 0.0119087, 0, 0.725322, -0.687965, -0.0243506, 0, -0.00946854, 0.0253994, -0.999633, 0, 0.647153, 0.203774, 0.152075, 1, 
0.691148, 0.722631, 0.00999351, 0, 0.722565, -0.690685, -0.0288928, 0, -0.0139767, 0.0271906, -0.999533, 0, 0.645599, 0.206744, 0.146038, 1, 
0.696637, 0.717287, 0.0133229, 0, 0.717254, -0.695978, -0.0337903, 0, -0.0149652, 0.0330961, -0.99934, 0, 0.64342, 0.214414, 0.132118, 1, 
0.686857, 0.726527, 0.0191724, 0, 0.726773, -0.686724, -0.0138436, 0, 0.00310853, 0.023443, -0.99972, 0, 0.643472, 0.219094, 0.108868, 1, 
0.686608, 0.726619, 0.0239849, 0, 0.726975, -0.68654, -0.0122546, 0, 0.00756231, 0.0258511, -0.999637, 0, 0.64389, 0.220109, 0.10294, 1, 
0.682594, 0.729492, 0.0434437, 0, 0.730368, -0.683006, -0.00683819, 0, 0.0246844, 0.0363983, -0.999032, 0, 0.646596, 0.221528, 0.0876101, 1, 
0.68202, 0.729261, 0.0548524, 0, 0.730591, -0.68277, -0.00656823, 0, 0.0326622, 0.0445552, -0.998473, 0, 0.64839, 0.219276, 0.0733331, 1, 
0.686481, 0.72477, 0.0585862, 0, 0.726569, -0.686894, -0.0159774, 0, 0.0286631, 0.0535362, -0.998154, 0, 0.647708, 0.217604, 0.0617253, 1, 
0.686913, 0.724012, 0.0627509, 0, 0.726239, -0.687051, -0.0227719, 0, 0.0266264, 0.0612157, -0.997769, 0, 0.646848, 0.218243, 0.0531725, 1, 
0.677796, 0.732965, 0.0577631, 0, 0.734805, -0.677997, -0.0190289, 0, 0.0252162, 0.0553434, -0.998149, 0, 0.646678, 0.218854, 0.0431905, 1, 
0.67484, 0.735863, 0.0554836, 0, 0.737511, -0.675126, -0.0162464, 0, 0.0255038, 0.0518845, -0.998327, 0, 0.646755, 0.218494, 0.0409813, 1, 
0.672779, 0.737788, 0.05494, 0, 0.739358, -0.673147, -0.0142871, 0, 0.0264424, 0.0502334, -0.998387, 0, 0.648084, 0.21843, 0.0375012, 1, 
0.674629, 0.735774, 0.059104, 0, 0.737511, -0.675201, -0.0126981, 0, 0.0305648, 0.0521574, -0.998171, 0, 0.650906, 0.218482, 0.0383392, 1, 
0.675057, 0.735276, 0.0603916, 0, 0.737049, -0.675724, -0.0117039, 0, 0.0322031, 0.0524133, -0.998106, 0, 0.651768, 0.218348, 0.0390133, 1, 
0.675069, 0.735273, 0.060308, 0, 0.737044, -0.675728, -0.011794, 0, 0.0320806, 0.0524124, -0.99811, 0, 0.651728, 0.218341, 0.0389468, 1, 
0.675067, 0.735264, 0.0604354, 0, 0.737038, -0.675736, -0.0116881, 0, 0.0322452, 0.0524345, -0.998104, 0, 0.651787, 0.218346, 0.0390329, 1, 
0.675059, 0.735269, 0.0604588, 0, 0.737045, -0.675728, -0.0116878, 0, 0.0322607, 0.0524518, -0.998102, 0, 0.65179, 0.218355, 0.0390454, 1, 
0.675044, 0.735285, 0.0604341, 0, 0.737061, -0.67571, -0.0117371, 0, 0.0322064, 0.0524677, -0.998103, 0, 0.651768, 0.218372, 0.0390188, 1, 
0.675057, 0.735272, 0.0604534, 0, 0.737048, -0.675725, -0.0117109, 0, 0.0322398, 0.0524636, -0.998102, 0, 0.651782, 0.21836, 0.0390366, 1, 
0.675081, 0.735247, 0.0604837, 0, 0.737024, -0.675752, -0.0116751, 0, 0.0322886, 0.0524606, -0.998101, 0, 0.651807, 0.218339, 0.0390566, 1, 
0.675085, 0.735245, 0.0604644, 0, 0.737021, -0.675754, -0.0116897, 0, 0.0322649, 0.0524561, -0.998102, 0, 0.6518, 0.218333, 0.0390428, 1, 
0.675089, 0.735242, 0.0604495, 0, 0.737017, -0.675758, -0.0116948, 0, 0.0322514, 0.0524484, -0.998103, 0, 0.651798, 0.218324, 0.0390342, 1, 
0.675104, 0.735229, 0.0604391, 0, 0.737004, -0.675773, -0.0116908, 0, 0.0322483, 0.0524374, -0.998103, 0, 0.651801, 0.218306, 0.039031, 1, 
0.675096, 0.735235, 0.0604604, 0, 0.737011, -0.675766, -0.0116849, 0, 0.0322666, 0.0524494, -0.998102, 0, 0.651804, 0.218319, 0.0390415, 1, 
