0.716222, 0.693995, 0.0733405, 0, 0.681488, -0.718176, 0.140636, 0, 0.150275, -0.0507466, -0.987341, 0, 0.706945, -0.26221, 0.381365, 1, 
0.716135, 0.694081, 0.0733686, 0, 0.681577, -0.718097, 0.14061, 0, 0.150283, -0.0506904, -0.987343, 0, 0.706976, -0.262125, 0.381359, 1, 
0.716005, 0.694209, 0.0734275, 0, 0.681701, -0.717978, 0.140611, 0, 0.150336, -0.0506239, -0.987338, 0, 0.707025, -0.261998, 0.381375, 1, 
0.715943, 0.694272, 0.0734358, 0, 0.681767, -0.717919, 0.140593, 0, 0.150333, -0.0505911, -0.98734, 0, 0.707048, -0.261936, 0.381365, 1, 
0.715851, 0.694363, 0.0734748, 0, 0.681858, -0.717835, 0.140586, 0, 0.150363, -0.0505399, -0.987338, 0, 0.707083, -0.261843, 0.381371, 1, 
0.715494, 0.69471, 0.0736734, 0, 0.682214, -0.71752, 0.140465, 0, 0.150447, -0.0502416, -0.987341, 0, 0.707217, -0.261484, 0.381354, 1, 
0.710368, 0.699792, 0.0751621, 0, 0.687377, -0.712755, 0.139552, 0, 0.151233, -0.0474698, -0.987358, 0, 0.709239, -0.255959, 0.381234, 1, 
0.709429, 0.70074, 0.0752002, 0, 0.688341, -0.711843, 0.139452, 0, 0.151253, -0.0471688, -0.987369, 0, 0.709677, -0.254751, 0.381181, 1, 
0.706007, 0.704199, 0.0750825, 0, 0.691939, -0.7085, 0.13867, 0, 0.15085, -0.0459501, -0.987488, 0, 0.711, -0.251146, 0.380606, 1, 
0.701567, 0.708644, 0.0748914, 0, 0.696837, -0.704234, 0.135839, 0, 0.149005, -0.0431136, -0.987896, 0, 0.713177, -0.24529, 0.378603, 1, 
0.696845, 0.713248, 0.0752611, 0, 0.702368, -0.699895, 0.129639, 0, 0.145143, -0.0374782, -0.988701, 0, 0.716471, -0.236253, 0.374519, 1, 
0.700619, 0.709411, 0.0764821, 0, 0.699784, -0.704104, 0.120501, 0, 0.139339, -0.0309051, -0.989762, 0, 0.720226, -0.225609, 0.368848, 1, 
0.711724, 0.698061, 0.0783585, 0, 0.689559, -0.715575, 0.111538, 0, 0.133934, -0.0253518, -0.990666, 0, 0.724179, -0.214381, 0.363182, 1, 
0.721218, 0.68779, 0.0822832, 0, 0.679992, -0.725624, 0.105171, 0, 0.132045, -0.0198998, -0.991044, 0, 0.728707, -0.201826, 0.359571, 1, 
0.730485, 0.677326, 0.0871887, 0, 0.670417, -0.735562, 0.0973185, 0, 0.130051, -0.0126372, -0.991427, 0, 0.734876, -0.181352, 0.355384, 1, 
0.733482, 0.673892, 0.0886233, 0, 0.6671, -0.738729, 0.0961114, 0, 0.13024, -0.0113756, -0.991417, 0, 0.736351, -0.176924, 0.354297, 1, 
0.745183, 0.660053, 0.0949362, 0, 0.653484, -0.75117, 0.093188, 0, 0.132825, -0.00740298, -0.991112, 0, 0.741207, -0.164476, 0.34998, 1, 
0.75774, 0.644534, 0.101916, 0, 0.638255, -0.764557, 0.0898003, 0, 0.135803, -0.00299674, -0.990731, 0, 0.746962, -0.152254, 0.342464, 1, 
0.761828, 0.636714, 0.11914, 0, 0.629844, -0.771078, 0.0933627, 0, 0.151315, 0.00391338, -0.988478, 0, 0.760079, -0.131724, 0.324473, 1, 
0.761211, 0.636706, 0.123062, 0, 0.629688, -0.771074, 0.0944392, 0, 0.155023, 0.00560264, -0.987895, 0, 0.76326, -0.126752, 0.319537, 1, 
0.758841, 0.638541, 0.12809, 0, 0.632005, -0.769493, 0.0918242, 0, 0.157201, 0.0112737, -0.987502, 0, 0.770027, -0.112916, 0.306094, 1, 
0.757265, 0.64081, 0.126067, 0, 0.635803, -0.767474, 0.0819662, 0, 0.149281, 0.0180841, -0.988629, 0, 0.774709, -0.0976032, 0.292731, 1, 
0.765129, 0.631513, 0.125494, 0, 0.628583, -0.774855, 0.0668068, 0, 0.139432, 0.0277683, -0.989842, 0, 0.782369, -0.0719401, 0.27592, 1, 
0.768447, 0.627235, 0.12667, 0, 0.624608, -0.778257, 0.0645163, 0, 0.139051, 0.029542, -0.989844, 0, 0.784505, -0.0663091, 0.272993, 1, 
0.771835, 0.622249, 0.130602, 0, 0.62021, -0.782065, 0.0607842, 0, 0.139965, 0.0340862, -0.98957, 0, 0.790651, -0.0527522, 0.265283, 1, 
0.772655, 0.620602, 0.133558, 0, 0.618923, -0.783231, 0.0588571, 0, 0.141137, 0.0371867, -0.989291, 0, 0.796917, -0.0423443, 0.256147, 1, 
0.770524, 0.622824, 0.135514, 0, 0.621416, -0.78134, 0.0577189, 0, 0.141834, 0.0397377, -0.989093, 0, 0.803, -0.0344675, 0.244773, 1, 
0.767419, 0.626102, 0.138003, 0, 0.624559, -0.778682, 0.0596766, 0, 0.144827, 0.0403951, -0.988632, 0, 0.809281, -0.0300951, 0.23139, 1, 
0.765853, 0.62678, 0.143516, 0, 0.62538, -0.777968, 0.0603876, 0, 0.149504, 0.0435048, -0.987804, 0, 0.815074, -0.0272488, 0.218942, 1, 
0.765749, 0.626321, 0.146048, 0, 0.625238, -0.778187, 0.0590157, 0, 0.150618, 0.0461245, -0.987515, 0, 0.819283, -0.0258452, 0.206131, 1, 
0.765796, 0.625826, 0.147917, 0, 0.62508, -0.778439, 0.0573482, 0, 0.151037, 0.0485441, -0.987335, 0, 0.822519, -0.0245316, 0.193428, 1, 
0.765128, 0.62662, 0.148012, 0, 0.626258, -0.777664, 0.0549478, 0, 0.149538, 0.0506525, -0.987458, 0, 0.824702, -0.0221138, 0.179964, 1, 
0.763282, 0.628494, 0.149585, 0, 0.628076, -0.776117, 0.0560605, 0, 0.151332, 0.0511618, -0.987158, 0, 0.826932, -0.0191856, 0.167002, 1, 
0.759958, 0.632242, 0.150714, 0, 0.631213, -0.773211, 0.0607854, 0, 0.154968, 0.0489394, -0.986707, 0, 0.829505, -0.0154334, 0.147952, 1, 
0.759259, 0.633114, 0.150573, 0, 0.632069, -0.7725, 0.060945, 0, 0.154906, 0.0489004, -0.986718, 0, 0.829817, -0.0143952, 0.144009, 1, 
0.75742, 0.635097, 0.151485, 0, 0.634104, -0.770815, 0.0611256, 0, 0.155591, 0.0497604, -0.986568, 0, 0.830566, -0.0113726, 0.13344, 1, 
0.75566, 0.637442, 0.150418, 0, 0.636145, -0.768983, 0.0629751, 0, 0.155815, 0.048101, -0.986614, 0, 0.831189, -0.00865913, 0.117697, 1, 
0.755438, 0.637396, 0.151728, 0, 0.635948, -0.769034, 0.0643246, 0, 0.157688, 0.0478992, -0.986327, 0, 0.83164, -0.00849722, 0.114898, 1, 
0.755284, 0.636402, 0.156585, 0, 0.634461, -0.769883, 0.068698, 0, 0.164275, 0.0474619, -0.985272, 0, 0.833296, -0.00905662, 0.11245, 1, 
0.755367, 0.635732, 0.15889, 0, 0.63349, -0.770467, 0.0710772, 0, 0.167609, 0.0469664, -0.984734, 0, 0.834167, -0.00977208, 0.113969, 1, 
0.755322, 0.635725, 0.159131, 0, 0.633461, -0.770472, 0.071271, 0, 0.167918, 0.0469718, -0.984681, 0, 0.834239, -0.00977534, 0.114202, 1, 
0.755517, 0.635526, 0.159003, 0, 0.633265, -0.770641, 0.0711896, 0, 0.16778, 0.0469068, -0.984708, 0, 0.834202, -0.00999851, 0.114085, 1, 
0.755449, 0.635599, 0.159033, 0, 0.633343, -0.770578, 0.071182, 0, 0.167794, 0.0469489, -0.984704, 0, 0.834208, -0.00991388, 0.114116, 1, 
0.75566, 0.635339, 0.159072, 0, 0.633082, -0.770794, 0.0711689, 0, 0.167831, 0.046927, -0.984698, 0, 0.83422, -0.0101589, 0.114257, 1, 
0.756112, 0.63485, 0.158878, 0, 0.632655, -0.771188, 0.0706865, 0, 0.167403, 0.0470689, -0.984764, 0, 0.834139, -0.0105646, 0.114555, 1, 
0.757761, 0.632794, 0.15922, 0, 0.630549, -0.772897, 0.0708393, 0, 0.167891, 0.0467178, -0.984698, 0, 0.834294, -0.0128411, 0.118105, 1, 
0.765746, 0.624278, 0.154564, 0, 0.623561, -0.779519, 0.0591839, 0, 0.157436, 0.0510614, -0.986208, 0, 0.8323, -0.0193284, 0.130552, 1, 
0.76997, 0.620447, 0.148902, 0, 0.621056, -0.782275, 0.0481249, 0, 0.146344, 0.0554226, -0.98768, 0, 0.830031, -0.0212204, 0.132819, 1, 
0.782012, 0.609444, 0.130445, 0, 0.613579, -0.789552, 0.0104421, 0, 0.109359, 0.0718739, -0.9914, 0, 0.822252, -0.0262686, 0.138403, 1, 
0.792755, 0.594806, 0.133135, 0, 0.602738, -0.797503, -0.0260176, 0, 0.0907016, 0.100873, -0.990756, 0, 0.81781, -0.029878, 0.146895, 1, 
0.798115, 0.585082, 0.143778, 0, 0.595231, -0.802649, -0.0378868, 0, 0.0932379, 0.115821, -0.988884, 0, 0.817478, -0.0342549, 0.159197, 1, 
0.798276, 0.583734, 0.148293, 0, 0.593981, -0.803767, -0.0335523, 0, 0.0996089, 0.114869, -0.988374, 0, 0.8176, -0.0405221, 0.176298, 1, 
0.79807, 0.584059, 0.148123, 0, 0.594327, -0.803495, -0.0339278, 0, 0.0992021, 0.115112, -0.988387, 0, 0.817547, -0.0401395, 0.176061, 1, 
0.797602, 0.5845, 0.1489, 0, 0.594828, -0.803139, -0.0335857, 0, 0.0999588, 0.11536, -0.988281, 0, 0.817707, -0.0396259, 0.176707, 1, 
0.796534, 0.585987, 0.148777, 0, 0.596409, -0.801924, -0.0345713, 0, 0.0990514, 0.116271, -0.988266, 0, 0.817559, -0.0387562, 0.176374, 1, 
0.787091, 0.602547, 0.131932, 0, 0.613295, -0.787318, -0.0630821, 0, 0.0658635, 0.130567, -0.989249, 0, 0.81096, -0.0288831, 0.170814, 1, 
0.786184, 0.605423, 0.123931, 0, 0.615696, -0.784585, -0.0729786, 0, 0.0530526, 0.133681, -0.989603, 0, 0.808375, -0.0261164, 0.168509, 1, 
0.783157, 0.612166, 0.109083, 0, 0.621112, -0.778446, -0.0906715, 0, 0.0294095, 0.138765, -0.989889, 0, 0.803473, -0.0195674, 0.162652, 1, 
0.781751, 0.615616, 0.0993121, 0, 0.623371, -0.775593, -0.0992209, 0, 0.015944, 0.139477, -0.990097, 0, 0.800363, -0.0166065, 0.156883, 1, 
0.787009, 0.610888, 0.0860983, 0, 0.616926, -0.779455, -0.108779, 0, 0.000657931, 0.138729, -0.99033, 0, 0.796056, -0.023287, 0.149045, 1, 
0.788941, 0.608499, 0.085336, 0, 0.614453, -0.781404, -0.10879, 0, 0.000483197, 0.138267, -0.990395, 0, 0.795757, -0.0265659, 0.148768, 1, 
0.793375, 0.602401, 0.0874602, 0, 0.608692, -0.786416, -0.105002, 0, 0.0055269, 0.136545, -0.990618, 0, 0.795928, -0.0368446, 0.152175, 1, 
0.799215, 0.594953, 0.0852471, 0, 0.600968, -0.793074, -0.0992534, 0, 0.00855633, 0.130558, -0.991404, 0, 0.79483, -0.0512218, 0.160492, 1, 
0.79954, 0.597259, 0.0632333, 0, 0.600334, -0.791634, -0.113561, 0, -0.0177681, 0.12876, -0.991517, 0, 0.785334, -0.0729449, 0.178101, 1, 
0.793631, 0.606808, 0.0437558, 0, 0.606714, -0.784079, -0.130767, 0, -0.0450431, 0.13033, -0.990447, 0, 0.776655, -0.0834627, 0.190381, 1, 
0.790083, 0.611905, 0.0363617, 0, 0.61042, -0.779973, -0.137876, 0, -0.0560069, 0.131132, -0.989782, 0, 0.77311, -0.0873497, 0.194874, 1, 
0.751631, 0.659351, 0.0169654, 0, 0.652471, -0.739532, -0.165394, 0, -0.0965078, 0.135387, -0.986081, 0, 0.758701, -0.104131, 0.212216, 1, 
0.738291, 0.674261, 0.016707, 0, 0.666713, -0.725833, -0.169235, 0, -0.101984, 0.136086, -0.985434, 0, 0.756024, -0.108657, 0.215777, 1, 
0.704126, 0.709739, 0.0213812, 0, 0.701667, -0.690871, -0.174189, 0, -0.108859, 0.137656, -0.98448, 0, 0.750185, -0.121804, 0.223567, 1, 
0.674355, 0.737857, 0.0281576, 0, 0.729851, -0.660284, -0.176985, 0, -0.112, 0.139904, -0.98381, 0, 0.741894, -0.143747, 0.23048, 1, 
0.668015, 0.743598, 0.028276, 0, 0.735143, -0.653576, -0.179953, 0, -0.115334, 0.141001, -0.983268, 0, 0.739353, -0.148255, 0.230662, 1, 
0.650264, 0.759217, 0.0269748, 0, 0.748819, -0.634563, -0.191262, 0, -0.128095, 0.144573, -0.981168, 0, 0.731136, -0.160159, 0.229348, 1, 
0.630133, 0.776086, 0.0245874, 0, 0.762543, -0.612544, -0.208086, 0, -0.146434, 0.149873, -0.977801, 0, 0.720979, -0.17126, 0.225726, 1, 
0.605017, 0.795838, 0.0240385, 0, 0.778251, -0.584733, -0.228894, 0, -0.16811, 0.157196, -0.973154, 0, 0.709391, -0.181052, 0.220915, 1, 
0.576684, 0.816559, 0.0254485, 0, 0.794163, -0.553016, -0.25191, 0, -0.19163, 0.165486, -0.967415, 0, 0.697448, -0.187213, 0.215892, 1, 
0.555008, 0.831448, 0.0253232, 0, 0.803645, -0.528093, -0.274322, 0, -0.214716, 0.172605, -0.961304, 0, 0.686174, -0.188898, 0.212145, 1, 
0.544269, 0.8388, 0.0128756, 0, 0.799931, -0.514302, -0.309168, 0, -0.252713, 0.178573, -0.950919, 0, 0.668491, -0.18216, 0.20958, 1, 
0.540465, 0.841292, 0.0102856, 0, 0.799411, -0.509671, -0.318054, 0, -0.262339, 0.180123, -0.948016, 0, 0.66416, -0.178321, 0.209415, 1, 
0.525602, 0.850703, 0.00522299, 0, 0.799536, -0.491872, -0.344652, 0, -0.290633, 0.185329, -0.938715, 0, 0.651364, -0.164185, 0.208732, 1, 
0.506074, 0.862476, 0.00251925, 0, 0.802029, -0.469527, -0.369155, 0, -0.31721, 0.188843, -0.929363, 0, 0.637547, -0.146387, 0.207318, 1, 
0.487532, 0.873088, 0.00338669, 0, 0.809442, -0.450532, -0.376571, 0, -0.32726, 0.186335, -0.92638, 0, 0.625895, -0.129104, 0.203847, 1, 
0.469267, 0.882946, 0.0132783, 0, 0.832396, -0.437281, -0.340416, 0, -0.294768, 0.170802, -0.94018, 0, 0.613833, -0.105573, 0.189723, 1, 
0.465102, 0.885107, 0.0157292, 0, 0.837771, -0.434349, -0.330851, 0, -0.286012, 0.16706, -0.943551, 0, 0.610593, -0.100537, 0.185929, 1, 
0.454606, 0.890487, 0.0186094, 0, 0.848529, -0.426645, -0.312975, 0, -0.270766, 0.158074, -0.949578, 0, 0.599455, -0.0879369, 0.176256, 1, 
0.453989, 0.890839, 0.0167422, 0, 0.853073, -0.429166, -0.296754, 0, -0.25718, 0.149008, -0.954806, 0, 0.587087, -0.0770193, 0.167741, 1, 
0.462706, 0.886326, 0.0176124, 0, 0.856191, -0.441648, -0.268076, 0, -0.229829, 0.139123, -0.963236, 0, 0.577677, -0.0670562, 0.158933, 1, 
0.471265, 0.881665, 0.023616, 0, 0.860228, -0.453566, -0.23295, 0, -0.194676, 0.130099, -0.972201, 0, 0.5702, -0.0577208, 0.149498, 1, 
0.475691, 0.87894, 0.0341054, 0, 0.865507, -0.460804, -0.196311, 0, -0.156833, 0.122904, -0.979948, 0, 0.563757, -0.0494981, 0.139243, 1, 
0.48211, 0.874603, 0.0511919, 0, 0.869408, -0.470402, -0.151103, 0, -0.108077, 0.117357, -0.987191, 0, 0.554463, -0.0396082, 0.123065, 1, 
0.484132, 0.873195, 0.0559352, 0, 0.869604, -0.473092, -0.141259, 0, -0.0968863, 0.117032, -0.988391, 0, 0.553065, -0.0379592, 0.119146, 1, 
0.487536, 0.870223, 0.0707208, 0, 0.87073, -0.478665, -0.112652, 0, -0.0641816, 0.116503, -0.991114, 0, 0.550626, -0.0345984, 0.108797, 1, 
0.489732, 0.867615, 0.0859457, 0, 0.871199, -0.483134, -0.0870285, 0, -0.0339846, 0.117499, -0.992491, 0, 0.54805, -0.0317647, 0.09738, 1, 
0.488666, 0.866648, 0.100536, 0, 0.872401, -0.484037, -0.0678652, 0, -0.0101526, 0.120873, -0.992616, 0, 0.545887, -0.0276478, 0.0856052, 1, 
0.486312, 0.866404, 0.113248, 0, 0.873754, -0.483084, -0.0562583, 0, 0.00596624, 0.126313, -0.991973, 0, 0.545362, -0.0229492, 0.0744986, 1, 
0.486476, 0.865102, 0.122146, 0, 0.873545, -0.48411, -0.0503818, 0, 0.0155468, 0.131212, -0.991232, 0, 0.546348, -0.0207522, 0.0666154, 1, 
0.488995, 0.863356, 0.124423, 0, 0.872124, -0.486571, -0.0512786, 0, 0.0162692, 0.13359, -0.990903, 0, 0.545922, -0.0210847, 0.0624252, 1, 
0.489746, 0.862802, 0.125306, 0, 0.871644, -0.4877, -0.0486407, 0, 0.0191449, 0.133046, -0.990925, 0, 0.547039, -0.0219121, 0.0634808, 1, 
0.489765, 0.862789, 0.125324, 0, 0.871631, -0.487734, -0.0485377, 0, 0.0192473, 0.133011, -0.990928, 0, 0.547072, -0.0219421, 0.0635352, 1, 
0.489739, 0.862799, 0.125358, 0, 0.871643, -0.487721, -0.0484444, 0, 0.0193424, 0.132995, -0.990928, 0, 0.547111, -0.0219383, 0.0635745, 1, 
0.489688, 0.862827, 0.125366, 0, 0.871674, -0.487657, -0.048536, 0, 0.0192579, 0.133049, -0.990922, 0, 0.547087, -0.0218865, 0.0635428, 1, 
0.489706, 0.862817, 0.125365, 0, 0.871663, -0.487679, -0.0485059, 0, 0.0192865, 0.133032, -0.990924, 0, 0.547095, -0.0219078, 0.0635556, 1, 
0.489666, 0.862838, 0.125376, 0, 0.871686, -0.487638, -0.0485131, 0, 0.0192795, 0.133046, -0.990922, 0, 0.5471, -0.0218813, 0.0635548, 1, 
0.489697, 0.862823, 0.125353, 0, 0.87167, -0.487661, -0.0485756, 0, 0.019218, 0.133056, -0.990922, 0, 0.547076, -0.0218913, 0.0635288, 1, 
0.489705, 0.86282, 0.125347, 0, 0.871666, -0.487668, -0.0485831, 0, 0.0192094, 0.133054, -0.990923, 0, 0.547072, -0.0218952, 0.0635277, 1, 
0.489662, 0.862842, 0.125361, 0, 0.87169, -0.487624, -0.0485857, 0, 0.0192075, 0.133069, -0.990921, 0, 0.547076, -0.0218661, 0.0635278, 1, 
0.489746, 0.862801, 0.125316, 0, 0.871644, -0.487699, -0.0486545, 0, 0.0191377, 0.133062, -0.990923, 0, 0.547044, -0.0219148, 0.063499, 1, 
0.48972, 0.862814, 0.125328, 0, 0.871658, -0.487678, -0.0486214, 0, 0.0191686, 0.133056, -0.990923, 0, 0.547059, -0.0219022, 0.0635188, 1, 
0.48971, 0.862821, 0.125321, 0, 0.871665, -0.487661, -0.048666, 0, 0.0191245, 0.133073, -0.990922, 0, 0.547044, -0.0218872, 0.063499, 1, 
0.489672, 0.862842, 0.125327, 0, 0.871686, -0.487623, -0.0486642, 0, 0.0191231, 0.133078, -0.990921, 0, 0.547045, -0.0218703, 0.0635005, 1, 
0.489686, 0.862834, 0.125324, 0, 0.871678, -0.487637, -0.0486649, 0, 0.019123, 0.133075, -0.990921, 0, 0.547043, -0.021883, 0.0634974, 1, 
0.489736, 0.862806, 0.125317, 0, 0.871649, -0.487694, -0.048618, 0, 0.019169, 0.133045, -0.990925, 0, 0.547054, -0.0219239, 0.0635174, 1, 
0.489775, 0.862786, 0.125303, 0, 0.871628, -0.48773, -0.0486348, 0, 0.019153, 0.13304, -0.990926, 0, 0.547047, -0.0219461, 0.0635068, 1, 
0.489745, 0.862803, 0.125307, 0, 0.871645, -0.487698, -0.0486565, 0, 0.0191315, 0.133055, -0.990924, 0, 0.547041, -0.0219211, 0.0634997, 1, 
0.489745, 0.862804, 0.125299, 0, 0.871645, -0.487694, -0.0486761, 0, 0.0191101, 0.133058, -0.990924, 0, 0.547032, -0.0219202, 0.0634911, 1, 
0.489738, 0.862807, 0.125303, 0, 0.871649, -0.487688, -0.0486746, 0, 0.0191126, 0.133061, -0.990924, 0, 0.547034, -0.0219135, 0.0634927, 1, 
0.48973, 0.86281, 0.125314, 0, 0.871653, -0.487684, -0.0486436, 0, 0.0191437, 0.133055, -0.990924, 0, 0.547048, -0.0219141, 0.0635058, 1, 
0.489733, 0.862809, 0.125313, 0, 0.871651, -0.487687, -0.0486443, 0, 0.019143, 0.133054, -0.990924, 0, 0.547046, -0.0219163, 0.0635056, 1, 
